Predicted: [2.4015302658081055, 2.401516914367676, 2.4015283584594727, 2.4016835689544678, 2.4014902114868164]
Actual: [tensor([0.], dtype=torch.float64), tensor([1.], dtype=torch.float64), tensor([3.], dtype=torch.float64), tensor([7.], dtype=torch.float64), tensor([1.], dtype=torch.float64)]
Predicted: [2.4164531230926514, 2.415881872177124, 2.41701078414917, 2.4228291511535645, 2.4122519493103027]
Actual: [0.0, 1.0, 3.0, 7.0, 1.0]
Predicted: [2.4076902866363525, 2.407688856124878, 2.407693862915039, 2.4077327251434326, 2.4076755046844482, 2.407694101333618, 2.4077064990997314, 2.407689332962036, 2.407724142074585, 2.407698392868042]
Actual: [0.0, 1.0, 3.0, 7.0, 1.0, 1.0, 6.0, 2.0, 1.0, 2.0]
Predicted: [2.414524555206299, 2.414525032043457, 2.4145257472991943, 2.4145262241363525, 2.4145238399505615, 2.4145257472991943, 2.4145259857177734, 2.4145257472991943, 2.4145238399505615, 2.4145257472991943]
Actual: [0.0, 1.0, 3.0, 7.0, 1.0, 1.0, 6.0, 2.0, 1.0, 2.0]
Predicted: [2.4139890670776367, 2.413989543914795, 2.4139926433563232, 2.4139928817749023, 2.4139866828918457, 2.4139912128448486, 2.4139926433563232, 2.413992404937744, 2.4139864444732666, 2.413991928100586]
Actual: [0.0, 1.0, 3.0, 7.0, 1.0, 1.0, 6.0, 2.0, 1.0, 2.0]
Predicted: [2.4056050777435303, 2.4056026935577393, 2.405616521835327, 2.4056928157806396, 2.4055569171905518, 2.405623197555542, 2.4056453704833984, 2.4056053161621094, 2.405662775039673, 2.4056334495544434]
Actual: [0.0, 1.0, 3.0, 7.0, 1.0, 1.0, 6.0, 2.0, 1.0, 2.0]
Predicted: [1.9029918909072876, 1.9029918909072876, 1.9029918909072876, 1.9029918909072876, 1.9029918909072876, 1.9029918909072876, 1.9029918909072876, 1.9029918909072876, 1.9029918909072876, 1.9029918909072876]
Actual: [0.0, 1.0, 3.0, 7.0, 1.0, 1.0, 6.0, 2.0, 1.0, 2.0]
Predicted: [2.4080405235290527, 2.4080405235290527, 2.4080405235290527, 2.4080405235290527, 2.4080405235290527, 2.4080405235290527, 2.4080405235290527, 2.4080405235290527, 2.4080405235290527, 2.4080405235290527]
Actual: [0.0, 1.0, 3.0, 7.0, 1.0, 1.0, 6.0, 2.0, 1.0, 2.0]
Predicted: [tensor(0.7587), tensor(0.7596), tensor(0.7596), tensor(0.7595), tensor(0.7595), tensor(0.7596), tensor(0.7587), tensor(0.7589), tensor(0.7595), tensor(0.7596)]
Actual: [tensor([0.], dtype=torch.float64), tensor([1.], dtype=torch.float64), tensor([3.], dtype=torch.float64), tensor([7.], dtype=torch.float64), tensor([1.], dtype=torch.float64), tensor([1.], dtype=torch.float64), tensor([6.], dtype=torch.float64), tensor([2.], dtype=torch.float64), tensor([1.], dtype=torch.float64), tensor([2.], dtype=torch.float64)]
